6
NAND2     0         -         725         392   
NAND2     1         -         734         520   
AND2      4         -         516         370   
AND2      5         -         497         533   
NOT       6         -         296         532   
SWITCH    8         Enable    183         457   
7
1         0         2         
0         1         1         
6         5         2         
8         4         2         
8         5         1         
4         0         1         
5         1         2         
