25
NOR2      0         -         509         140   
AND2      1         -         510         189   
OR2       2         -         586         159   
XOR2      3         -         507         255   
NOR2      4         -         508         307   
NAND2     5         -         581         268   
XOR2      6         F0        664         205   
AND2      7         -         509         376   
NOR2      8         -         506         430   
AND2      9         -         581         389   
XOR2      10        -         503         505   
NOR2      11        -         502         560   
NAND2     12        -         578         530   
NOR2      13        F1        655         455   
NOT       14        A         275         154   
NOT       15        -         331         153   
NOT       16        B         276         240   
NOT       17        -         332         240   
NOT       18        C         272         328   
NOT       19        -         326         327   
NOT       20        D         268         418   
NOT       21        -         330         418   
NOT       22        E         278         518   
NOT       23        -         332         517   
SWITCH    24        8         76          156   
33
0         2         1         
1         2         2         
3         5         1         
4         5         2         
2         6         1         
5         6         2         
7         9         1         
8         9         2         
10        12        1         
11        12        2         
9         13        1         
12        13        2         
14        15        1         
16        17        1         
18        19        1         
20        21        1         
22        23        1         
15        1         1         
15        11        1         
17        3         1         
17        10        1         
19        0         1         
19        4         1         
19        7         1         
19        8         1         
21        0         2         
21        1         2         
21        3         2         
21        8         2         
23        4         2         
23        7         2         
23        10        2         
23        11        2         
